r = 0.165;
Kw = 7.5*r;
